324,325,326,327,365,366,367
332,333,334,335,373,374,375
340,341,342,343,381,382,383
348,349,350,351,389,390,391
356,357,358,359,397,398,399
0,289,290,291,292,275,276
296,297,298,299,300,283,284
304,305,306,307,308,285,286
312,313,314,315,316,287
320,321,322,323,293,294,295
309,310,311,0,301,302,303
317,318,319,0,280,281,282
328,329,330,331
336,337,338,339
344,345,346,347
352,353,354,355
360,361,362,363,364
368,369,370,371,372
376,377,378,379,380
384,385,386,387,388
392,393,394,395,396
432,433,434,435,436
440,441,442,443,444
448,449,450,451,452
456,457,458,459,460
405,406,406,406,407
413,414,414,414,415
419,420,421,422,423
427,428,429,430,431
464,465,466,467,437,438,439
472,473,474,475,445,446,447
480,481,482,483,453,454,455
488,489,490,491,461,462,463
496,497,498,499,469,470,471
504,505,506,507,477,478,479
484,486,486,487
492,493,493,494
500,501,502,503
508,509,510,511
789,790,790,790,791
797,798,798,798,799
803,804,805,806,807
811,812,813,814,815
800,801,801,801,802
808,809,809,809,810
816,817,818,819,820
824,825,826,827,828
888,889,890,891,892
896,897,898,899,900
904,905,906,907,908
912,913,914,915,916
920,921,922,923,924
928,929,930,931,932
936,937,938,939,940
