4,5,0,6,7
12,13,0,14,15
20,21,0,22,23
0,30,0,0,163
37,38,39,0,171,172
45,46,47,0,179,180
53,54,55,0,224,225
61,62,63,0,1815
69,70,71,0,1823
125,126,1136,1137
133,134
2216,2217,2218,2219,2220,2221,2222
2224,2225,2226,2227,2228,2229,2230
2232,2233,2234,2235,2236,2237,2238
2240,2241,2242,2243,2244,2245,2246
2248,2249,2250,2251,2252,2253,2254
2316,2317,2318,2319,0,2326,2327
0,0,0,0,0,2334,2335
0,0,0,0,0,2342,2343
2720,2721,2722,3072,3071
2728,2729,2730,3080,3081
2736,2737,2738,3088,3089
2744,2745,2746,3096,4102,4103
3053,3061,3256,3257,4110,4111
3922,3923,3924,3925,4118,4119
3930,3931,3932,3933,4164,4165
3938,3939,3940,3941,4160,4161,4162,4163
3946,3947,3948,3949,4168,4169,4170,4171
3954,3955,3956,3957,4176,4177,4178,4179
3962,3963,3964,3965
3970,3971,3972,3973
